-11.895849127879472	-2.7916818973628637
